0.812500000000000
0.812500000000000
0.812500000000000
0.812500000000000
0.812500000000000
0.812500000000000
0.812500000000000
0.812500000000000
0.812500000000000
0.812500000000000
0.812500000000000
0.812500000000000
0.812500000000000
0.812500000000000
0.812500000000000
0.812500000000000
0.812500000000000
0.812500000000000
0.812500000000000
0.812500000000000
0.812500000000000
0.812500000000000
0.812500000000000
0.812500000000000
0.812500000000000
0.812500000000000
0.812500000000000
0.812500000000000
0.812500000000000
0.812500000000000
0.812500000000000
0.812500000000000
0.812500000000000
0.812500000000000
0.812500000000000
0.812500000000000
0.812500000000000
0.812500000000000
0.812500000000000
0.812500000000000
0.812500000000000
0.812500000000000
0.812500000000000
0.812500000000000
0.812500000000000
0.812500000000000
0.812500000000000
0.812500000000000
0.812500000000000
0.812500000000000
0.812500000000000
0.812500000000000
0.812500000000000
0.812500000000000
0.812500000000000
0.812500000000000
0.812500000000000
0.812500000000000
0.812500000000000
0.932221231809902
0.946175113099119
0.964680124653449
0.973098534074144
0.978093820007846
0.984455958549223
0.992614329008223
0.992689913349428
0.992689913349428
1
1
1
1
1
1
1
1
1
1
1
1
1
1
1
1
0.968851426633726
0.948057569089379
0.927179428979069
0.906216492835559
0.885168243012258
0.864034157640611
0.842813710586966
0.821506371408917
0.800111605311100
0.778628873100454
0.757057631140922
0.735397331307593
0.713647420940277
0.691807342796498
0.669876535003905
0.647854431012089
0.625740459543794
0.603534044545515
0.581234605137486
0.558672290064935
0.553152338930383
0.547638259196219
0.542131055911332
0.536628690370337
0.531132168201362
0.525642012469565
0.520157143319891
0.514678089703484
0.509205357278284
0.503738402765145
0.498276739826098
0.492821353105026
0.487371232585055
0.481926872437737
0.476488743828610
0.471055871336145
0.465629269972521
0.460208322850098
0.457390180146642
0.454374959975360
0.451329964627568
0.448255687440211
0.445150769370414
0.442015803270736
0.438849640304257
0.435651472959109
0.432421285648453
0.429159048876867
0.425863360770289
0.422534624529741
0.419172046393230
0.418731244329681
0.418558677097006
0.418385803204192
0.418213520521416
0.418040931566699
0.417868485001736
0.417696628010093
0.417524465327805
0.417352444508177
0.417181011631862
0.417009273644693
0.416838122518344
0.416666666666667
0.416495351805080
0.416324622185405
0.416153588417699
0.415983138816773
0.415812385451684
0.415641772211257
0.415471741529703
0.415301407658797
0.415131213396604
0.414961600091930
0.414791684171230
0.414622348144565
0.414452709883103
0.414283210376201
0.414114289172823
0.413945066305508
0.413776420685426
0.413607473780998
0.413438664783931
0.413270431454330
0.413101897408792
0.412933500765515
0.412765678216344
0.412597555518175
0.412430005869196
0.412262156448203
0.412094443593252
0.411927302224724
0.411759861648687
0.411592991521184
0.411425822561537
0.411258789338485
0.411092325011700
0.410925562414852
0.410758935060066
0.410592875055535
0.410426517341573
0.410260725951095
0.410094637223975
0.409928682920164
0.409763293404177
0.409597607109774
0.409432484583292
0.409267065649586
0.409101780327030
0.408937057246994
0.408772038315566
0.408607152511048
0.408442827429764
0.408278207051488
0.408114146387405
0.407949790794979
0.407785567527722
0.407621902465485
0.407457943026932
0.407294540791070
0.407130844545960
0.406967279830702
0.406804270818991
0.406640968347693
0.406477796932031
0.406315179726748
0.406152269610125
0.405989912712169
0.405827263267430
0.405664744093157
0.405502776654269
0.405340517214500
0.405178808524962
0.405016808197540
0.404854937361675
0.404693615802559
0.404532003149126
0.404370519522801
0.404209583705586
0.406152269610125
0.408725342857682
0.411330358395305
0.413969232532887
0.417333748770229
0.423525242141154
0.429722276808982
0.435924860216111
0.442132999818277
0.448346703084579
0.454565977497507
0.460790337324482
0.467021269760359
0.473256795615152
0.479498936735779
0.485746179590095
0.491998510951693
0.498257521849399
0.504521094683674
0.510791390091752
0.517066234766992
0.523347282494162
0.529634561930415
0.535926371547321
0.542224428205821
0.548528169863675
0.554837604221784
0.561152738994965
0.567473581911983
0.573800140715578
0.580132423162502
0.586470437023548
0.592814190083582
0.599163690141576
0.605518290110946
0.611879962518043
0.630496739257993
0.669880342885463
0.709430118761647
0.749146451791133
0.789030396334731
0.829082137778338
0.864716636197441
0.898774578813997
0.932517800990728
0.965663321482965
0.999028119383860
1
1
1
1
1
1
1
1
1
1
1
1
1
1
1
1
1
1
1
1
1
1
1
1
1
1
1
1
1
1
1
1
1
1
1
1
1
1
0.990217391304348
0.980434782608696
0.970652173913044
0.960869565217391
0.951086956521739
0.941304347826087
0.931521739130435
0.921739130434783
0.911956521739130
0.902173913043478
0.892391304347826
0.882608695652174
0.872826086956522
0.863043478260870
0.853260869565217
0.843478260869565
0.836012861736334
0.828025477707006
0.820189274447950
0.812500000000000
0.812500000000000
0.812500000000000
0.812500000000000
0.812500000000000
0.812500000000000
0.812500000000000
0.812500000000000
0.812500000000000
0.812500000000000
0.812500000000000
0.812500000000000
0.812500000000000
0.812500000000000
0.812500000000000
0.812500000000000
0.812500000000000
0.812500000000000
0.812500000000000
0.812500000000000
0.812500000000000
0.812500000000000
0.812500000000000
0.812500000000000
0.812500000000000
0.812500000000000
0.812500000000000
0.812500000000000
0.812500000000000
0.812500000000000
0.812500000000000
0.812500000000000
0.812500000000000
0.812500000000000
0.812500000000000
0.812500000000000
0.812500000000000
0.812500000000000