0
0
0
0
0
0
0
0
0
0
0
0
0
0
0
0
0
0
0
0
0
0
0
0
0
0
0
0
0
0
0
0
0
0
0
0
0
0
0
0
0
0
0
0
0
0
0
0
0
0
0
0
0
0
0
0
0
0
0
0
0
0
0
0
0
0
0
0
0
0
0
0
0
0
0
0
0
0
0
0
0
0
0
0
0.0311485733662743
0.0519424309106207
0.0728205710209309
0.0937835071644410
0.114831756987742
0.135965842359389
0.157186289413034
0.178493628591083
0.199888394688900
0.221371126899546
0.242942368859078
0.264602668692407
0.286352579059723
0.308192657203502
0.330123464996095
0.352145568987911
0.374259540456207
0.396465955454485
0.418765394862514
0.427103262377047
0.418413904107155
0.409733788437472
0.401061886217492
0.392400212102194
0.383747736464132
0.375103811765469
0.366469680773529
0.357844704434993
0.349228210145257
0.340621146888202
0.332023547855319
0.323434362402285
0.314854933902169
0.306284573220850
0.297722558105310
0.289170281744345
0.280626747636506
0.272091782820913
0.273133386206562
0.274454673810620
0.275788525358755
0.277135689739410
0.278495792650599
0.279869021298033
0.281256445460209
0.282657398295681
0.284072377433290
0.285501896472783
0.286945570676288
0.288404227365075
0.289877167234432
0.289890861459010
0.289771391836389
0.289651709910594
0.289532437284057
0.289412952623100
0.289293566539663
0.289174588622372
0.289055399073096
0.288936307736430
0.288817623437443
0.288698727907865
0.288580238666546
0.288461538461538
0.288342935865056
0.288224738436050
0.288106330443022
0.287988326873151
0.287870113005012
0.287751996146255
0.287634282597487
0.287516359148398
0.287398532351495
0.287281107755952
0.287163473657006
0.287046241023160
0.286928799149841
0.286811453337370
0.286694507888877
0.286577353596121
0.286460598936064
0.286343635694537
0.286226767927337
0.286110298699152
0.285993621283010
0.285877038991511
0.285760854149777
0.285644461512583
0.285528465601751
0.285412262156448
0.285296153256867
0.285180440001732
0.285064519602937
0.284948994130051
0.284833261773372
0.284717623388182
0.284602378854254
0.284486927825666
0.284371570426199
0.284256605807678
0.284141435082627
0.284026656427681
0.283911671924290
0.283796780483190
0.283682280049046
0.283567574152921
0.283453258557664
0.283338737757405
0.283224309457174
0.283110270401765
0.282996026526161
0.282881874815341
0.282768111297529
0.282654143343338
0.282540562883588
0.282426778242678
0.282313085211500
0.282199778629951
0.282086268249414
0.281973143624587
0.281859815454896
0.281746578344332
0.281633725951609
0.281520670394556
0.281407705568329
0.281295124426210
0.281182340499317
0.281069939569963
0.280957336108221
0.280844822833724
0.280732691529879
0.280620358071577
0.280508405901897
0.280396251829066
0.280284187404236
0.280172503247926
0.280060617564780
0.279948821208093
0.279837404103867
0.275975260119700
0.270985950328343
0.265933514248378
0.260815476929707
0.255329365341893
0.248580459825332
0.241826582137883
0.235065588641631
0.228298538733712
0.221526493710103
0.214747307019083
0.207962887242383
0.201171753689707
0.194375163381887
0.187571813208486
0.180762141080921
0.173947233191616
0.167125495991817
0.160298335339487
0.153464298873863
0.146624852358450
0.139778333068113
0.132925785048579
0.126067847172748
0.119202788152720
0.112332609482447
0.105455148935987
0.0985725529093399
0.0916826572007020
0.0847865310156989
0.0778852454945788
0.0709766334648876
0.0640628461210134
0.0571417143054823
0.0502153368274645
0.0432817054723224
0.0351755687438180
0.0284999391004507
0.0217952400643525
0.0150633597428917
0.00830201279167200
0.00151312842743707
0
0
0
0
0
0
0
0
0
0
0
0
0
0
0
0
0
0
0
0
0
0
0
0
0
0
0
0
0
0
0
0
0
0
0
0
0
0
0
0
0
0
0
0
0
0
0
0
0
0
0
0
0
0
0
0
0
0
0
0
0
0
0
0
0
0
0
0
0
0
0
0
0
0
0
0
0
0
0
0
0
0
0
0
0
0
0
0
0
0
0
0
0
0
0
0
0
0
0
0