0.187500000000000
0.187500000000000
0.187500000000000
0.187500000000000
0.187500000000000
0.187500000000000
0.187500000000000
0.187500000000000
0.187500000000000
0.187500000000000
0.187500000000000
0.187500000000000
0.187500000000000
0.187500000000000
0.187500000000000
0.187500000000000
0.187500000000000
0.187500000000000
0.187500000000000
0.187500000000000
0.187500000000000
0.187500000000000
0.187500000000000
0.187500000000000
0.187500000000000
0.187500000000000
0.187500000000000
0.187500000000000
0.187500000000000
0.187500000000000
0.187500000000000
0.187500000000000
0.187500000000000
0.187500000000000
0.187500000000000
0.187500000000000
0.187500000000000
0.187500000000000
0.187500000000000
0.187500000000000
0.187500000000000
0.187500000000000
0.187500000000000
0.187500000000000
0.187500000000000
0.187500000000000
0.187500000000000
0.187500000000000
0.187500000000000
0.187500000000000
0.187500000000000
0.187500000000000
0.187500000000000
0.187500000000000
0.187500000000000
0.187500000000000
0.187500000000000
0.187500000000000
0.187500000000000
0.0677787681900977
0.0538248869008814
0.0353198753465508
0.0269014659258562
0.0219061799921544
0.0155440414507772
0.00738567099177681
0.00731008665057213
0.00731008665057213
0
0
0
0
0
0
0
0
0
0
0
0
0
0
0
0
0
0
0
0
0
0
0
0
0
0
0
0
0
0
0
0
0
0
0
0.0142244475580180
0.0284337569624624
0.0426279523663081
0.0568070578711758
0.0709710975274683
0.0851200953345068
0.0992541757649661
0.113373175906581
0.127477205861523
0.141566432576459
0.155640450346654
0.169699712318583
0.183744284492689
0.197773833512776
0.211788554341413
0.225788698066079
0.239773846919511
0.253743982390973
0.267699894328989
0.269476433646796
0.271170366214020
0.272881510013677
0.274608622820379
0.276353437978987
0.278115175431232
0.279893914235535
0.281691128745211
0.283506336918257
0.285339054650350
0.287191068553422
0.289061148105184
0.290950786372338
0.291377894211309
0.291669931066606
0.291962486885214
0.292254042194527
0.292546115810201
0.292837948458601
0.293128783367534
0.293420135599099
0.293711247755393
0.294001364930694
0.294291998447442
0.294581638815111
0.294871794871795
0.295161712329864
0.295450639378545
0.295740081139279
0.296028534310076
0.296317501543304
0.296606231642488
0.296893975872810
0.297182233192805
0.297470254251902
0.297757292152119
0.298044842171764
0.298331410832275
0.298618490967056
0.298905336286429
0.299191202938300
0.299477580098370
0.299762980378510
0.300048890524465
0.300334567288733
0.300619269846518
0.300904481308198
0.301189460242974
0.301473467633879
0.301757982969242
0.302041528529053
0.302325581395349
0.302609403149881
0.302892257773544
0.303175618748377
0.303458014348765
0.303740915665091
0.304023587273333
0.304305296134046
0.304587509759482
0.304869494513735
0.305150519136786
0.305432047575800
0.305712617621224
0.305993690851735
0.306274536596646
0.306554426546778
0.306834818737305
0.307114256859044
0.307394196593009
0.307673910215796
0.307952672351241
0.308231935158273
0.308510972673611
0.308789061272708
0.309067649605174
0.309345290729007
0.309623430962343
0.309901347260779
0.310178318904563
0.310455788723654
0.310732315584342
0.311009339999144
0.311286141824967
0.311562003229400
0.311838361257751
0.312114497499640
0.312389695847042
0.312665389890558
0.312940147717868
0.313215400624350
0.313490433073118
0.313764531815852
0.314039124713923
0.314312785573141
0.314586939973394
0.314860875234089
0.315133880949515
0.315407379286094
0.315680659269106
0.315953012190546
0.317872470270175
0.320288706813976
0.322736127356317
0.325215290537406
0.327336885887879
0.327894298033514
0.328451141053135
0.329009551142258
0.329568461448011
0.330126803205318
0.330686715483410
0.331246775433136
0.331806976549934
0.332368041002961
0.332929250055736
0.333491679328985
0.334054255856691
0.334616982158784
0.335180569976839
0.335744311034386
0.336308912874558
0.336874384437726
0.337439653021006
0.338005781279931
0.338572783641459
0.339139220653879
0.339707246842229
0.340274708095695
0.340843760887316
0.341413328268724
0.341982331342920
0.342552929511564
0.343122963795404
0.343694595552942
0.344266373061590
0.344838332009635
0.334327691998189
0.301619718014087
0.268774641174001
0.235790188465975
0.202667590873597
0.169404733794225
0.135283363802559
0.101225421186003
0.0674821990092725
0.0343366785170350
0.000971880616139734
0
0
0
0
0
0
0
0
0
0
0
0
0
0
0
0
0
0
0
0
0
0
0
0
0
0
0
0
0
0
0
0
0
0
0
0
0
0
0.00978260869565217
0.0195652173913043
0.0293478260869565
0.0391304347826087
0.0489130434782609
0.0586956521739130
0.0684782608695652
0.0782608695652174
0.0880434782608696
0.0978260869565217
0.107608695652174
0.117391304347826
0.127173913043478
0.136956521739130
0.146739130434783
0.156521739130435
0.163987138263666
0.171974522292994
0.179810725552050
0.187500000000000
0.187500000000000
0.187500000000000
0.187500000000000
0.187500000000000
0.187500000000000
0.187500000000000
0.187500000000000
0.187500000000000
0.187500000000000
0.187500000000000
0.187500000000000
0.187500000000000
0.187500000000000
0.187500000000000
0.187500000000000
0.187500000000000
0.187500000000000
0.187500000000000
0.187500000000000
0.187500000000000
0.187500000000000
0.187500000000000
0.187500000000000
0.187500000000000
0.187500000000000
0.187500000000000
0.187500000000000
0.187500000000000
0.187500000000000
0.187500000000000
0.187500000000000
0.187500000000000
0.187500000000000
0.187500000000000
0.187500000000000
0.187500000000000
0.187500000000000