0
0
0
0
0
0
0
0
0
0
0
0
0
0
0
0
0
0
0
0
0
0
0
0
0
0
0
0
0
0
0
0
0
0
0
0
0
0
0
0
0
0
0
0
0
0
0
0
0
0
0
0
0
0
0
0
0
0
0
0
0.477272727
0.954545455
1.431818182
1.909090909
2.386363636
2.863636364
3.340909091
3.818181818
4.295454545
4.772727273
5.25
5.727272727
6.204545455
6.681818182
7.159090909
7.636363636
8.113636364
8.590909091
9.068181818
9.545454545
10.02272727
10.5
10.97727273
11.45454545
11.93181818
12.40909091
12.88636364
13.36363636
13.84090909
14.31818182
14.79545455
15.27272727
15.75
16.22727273
16.70454545
17.18181818
17.65909091
18.13636364
18.61363636
19.09090909
19.56818182
20.04545455
20.52272727
21
21
21
21
21
21
21
21
21
21
21
21
21
21
21
21
21
21
21
21
21
21
21
21
21
21
21
21
21
21
21
21
21
21
21
21
21
21
21
21
21
21
21
21
21
21
21
21
20
20
20
20
20
20
20
20
20
20
20
20
20
20
20
20
20
20
20
20
20
20
20
20
20
20
20
20
20
20
20
20
20
20
20
20
20
20
20
20
20
20
20
20
20
20
20
20
20
20
20
20
20
20
20
20
20
20
20
20
20
18
18
18
18
18
18
18
18
18
18
18
18
18
18
18
18
18
18
18
18
18
18
18
18
18
18
18
18
18
18
18
18
17.4
16.8
16.2
15.6
15
14.4
13.8
13.2
12.6
12
11.4
10.8
10.2
9.6
9
8.4
7.8
7.2
6.6
6
5.4
4.8
4.2
3.6
3
2.4
1.8
1.2
0.6
0
0
0
0
0
0
0
0
0
0
0
0
0
0
0
0
0
0
0
0
0
0
0
0
0
0
0
0
0
0
0
0
0
0
0
0
0
0
0
0
0
0
0
0
0
0
0
0
0
0
0
0
0
0
0
0
0
0
0
0
0
0
0
0
0
0
0
0
0
0
0
0
0
0
0
0
0
0
0
0
0
0
0
0
0
0
0
0
0
0
0
0
