   1.7900000e+02
   1.7900000e+02
   1.7900000e+02
   1.7900000e+02
   1.7900000e+02
   1.7900000e+02
   1.7900000e+02
   1.7900000e+02
   1.7900000e+02
   1.7900000e+02
   1.7900000e+02
   1.7900000e+02
   1.7900000e+02
   1.7900000e+02
   1.7900000e+02
   1.7900000e+02
   1.7900000e+02
   1.7900000e+02
   1.7900000e+02
   1.7900000e+02
   1.7900000e+02
   1.7900000e+02
   1.7900000e+02
   1.7900000e+02
   1.7900000e+02
   1.7900000e+02
   1.7900000e+02
   1.7900000e+02
   1.7900000e+02
   1.7900000e+02
   1.7900000e+02
   1.7900000e+02
   1.7900000e+02
   1.7900000e+02
   1.7900000e+02
   1.7900000e+02
   1.7900000e+02
   1.7900000e+02
   1.7900000e+02
   1.7900000e+02
   1.7900000e+02
   1.7900000e+02
   1.7900000e+02
   1.7900000e+02
   1.7900000e+02
   1.7900000e+02
   1.7900000e+02
   1.7900000e+02
   1.7900000e+02
   1.7900000e+02
   1.7900000e+02
   1.7900000e+02
   1.7900000e+02
   1.7900000e+02
   1.7900000e+02
   1.7900000e+02
   1.7900000e+02
   1.7900000e+02
   1.7900000e+02
   1.7900000e+02
   1.7900000e+02
   1.7900000e+02
   1.7900000e+02
   1.7900000e+02
   1.7900000e+02
   1.7900000e+02
   1.3400000e+02
   1.3050000e+02
   1.2700000e+02
   1.2350000e+02
   1.2000000e+02
   1.2000000e+02
   1.2000000e+02
   1.2000000e+02
   1.2000000e+02
   1.2000000e+02
   1.2000000e+02
   1.2000000e+02
   1.2000000e+02
   1.2000000e+02
   1.2000000e+02
   1.2000000e+02
   1.2000000e+02
   1.2000000e+02
   1.2812500e+02
   1.3625000e+02
   1.4437500e+02
   1.5250000e+02
   1.6062500e+02
   1.6875000e+02
   1.7687500e+02
   1.8500000e+02
   1.8500000e+02
   1.8500000e+02
   1.8500000e+02
   1.8500000e+02
   1.8500000e+02
   1.8500000e+02
   1.8500000e+02
   1.8500000e+02
   1.8500000e+02
   1.8500000e+02
   1.8500000e+02
   1.8750000e+02
   1.9000000e+02
   1.9250000e+02
   1.9500000e+02
   1.9750000e+02
   2.0000000e+02
   2.0250000e+02
   2.0500000e+02
   2.0750000e+02
   2.1000000e+02
   2.1250000e+02
   2.1500000e+02
   2.1750000e+02
   2.2000000e+02
   2.2250000e+02
   2.2500000e+02
   2.2750000e+02
   2.3000000e+02
   2.3044444e+02
   2.3088889e+02
   2.3133333e+02
   2.3177778e+02
   2.3222222e+02
   2.3266667e+02
   2.3311111e+02
   2.3355556e+02
   2.3400000e+02
   2.3444444e+02
   2.3488889e+02
   2.3533333e+02
   2.3577778e+02
   2.3622222e+02
   2.3666667e+02
   2.3711111e+02
   2.3755556e+02
   2.3800000e+02
   2.3844444e+02
   2.3888889e+02
   2.3933333e+02
   2.3977778e+02
   2.4000000e+02
   2.4000000e+02
   2.4000000e+02
   2.4000000e+02
   2.4000000e+02
   2.4000000e+02
   2.4000000e+02
   2.4000000e+02
   2.4000000e+02
   2.4000000e+02
   2.4000000e+02
   2.4000000e+02
   2.4000000e+02
   2.4000000e+02
   2.4000000e+02
   2.4000000e+02
   2.4000000e+02
   2.4000000e+02
   2.4000000e+02
   2.4000000e+02
   2.4000000e+02
   2.4000000e+02
   2.4000000e+02
   2.4000000e+02
   2.4000000e+02
   2.4000000e+02
   2.4000000e+02
   2.4000000e+02
   2.4000000e+02
   2.4000000e+02
   2.4000000e+02
   2.4000000e+02
   2.4000000e+02
   2.4000000e+02
   2.4000000e+02
   2.4000000e+02
   2.4000000e+02
   2.4000000e+02
   2.4000000e+02
   2.4000000e+02
   2.4000000e+02
   2.4000000e+02
   2.4000000e+02
   2.4000000e+02
   2.4000000e+02
   2.4000000e+02
   2.4000000e+02
   2.4000000e+02
   2.4000000e+02
   2.4000000e+02
   2.4000000e+02
   2.4000000e+02
   2.4000000e+02
   2.4000000e+02
   2.4000000e+02
   2.4000000e+02
   2.4000000e+02
   2.4000000e+02
   2.4000000e+02
   2.4000000e+02
   2.4000000e+02
   2.4000000e+02
   2.4000000e+02
   2.4000000e+02
   2.4000000e+02
   2.4000000e+02
   2.4000000e+02
   2.4000000e+02
   2.4000000e+02
   2.4000000e+02
   2.4000000e+02
   2.4000000e+02
   2.4000000e+02
   2.4000000e+02
   2.4000000e+02
   2.4000000e+02
   2.4000000e+02
   2.4000000e+02
   2.4000000e+02
   2.4000000e+02
   2.4000000e+02
   2.4000000e+02
   2.4000000e+02
   2.4000000e+02
   2.4000000e+02
   2.4000000e+02
   2.4000000e+02
   2.4000000e+02
   2.3814286e+02
   2.3628571e+02
   2.3442857e+02
   2.3257143e+02
   2.3071429e+02
   2.2885714e+02
   2.2700000e+02
   2.2514286e+02
   2.2328571e+02
   2.2142857e+02
   2.1957143e+02
   2.1771429e+02
   2.1585714e+02
   2.1400000e+02
   2.1214286e+02
   2.1028571e+02
   2.0682143e+02
   2.0264286e+02
   1.9846429e+02
   1.9428571e+02
   1.9010714e+02
   1.8592857e+02
   1.8175000e+02
   1.7757143e+02
   1.7339286e+02
   1.6921429e+02
   1.6503571e+02
   1.6085714e+02
   1.5667857e+02
   1.5250000e+02
   1.4832143e+02
   1.4414286e+02
   1.3996429e+02
   1.3578571e+02
   1.3160714e+02
   1.2928571e+02
   1.2696429e+02
   1.2464286e+02
   1.2232143e+02
   1.2000000e+02
   1.2000000e+02
   1.2000000e+02
   1.2000000e+02
   1.2000000e+02
   1.2000000e+02
   1.2000000e+02
   1.2000000e+02
   1.2000000e+02
   1.2000000e+02
   1.2000000e+02
   1.2000000e+02
   1.2000000e+02
   1.2000000e+02
   1.2000000e+02
   1.2000000e+02
   1.2000000e+02
   1.2000000e+02
   1.2000000e+02
   1.2000000e+02
   1.2000000e+02
   1.2000000e+02
   1.2000000e+02
   1.2000000e+02
   1.2000000e+02
   1.2000000e+02
   1.2000000e+02
   1.2000000e+02
   1.2000000e+02
   1.2000000e+02
   1.2000000e+02
   1.2000000e+02
   1.2000000e+02
   1.2000000e+02
   1.2000000e+02
   1.2000000e+02
   1.2000000e+02
   1.2000000e+02
   1.2000000e+02
   1.3400000e+02
   1.3400000e+02
   1.3400000e+02
   1.3400000e+02
   1.3400000e+02
   1.3400000e+02
   1.3400000e+02
   1.3400000e+02
   1.3400000e+02
   1.7900000e+02
   1.7900000e+02
   1.7900000e+02
   1.7900000e+02
   1.7900000e+02
   1.7900000e+02
   1.7900000e+02
   1.7900000e+02
   1.7900000e+02
   1.7900000e+02
   1.7900000e+02
   1.7900000e+02
   1.7900000e+02
   1.7900000e+02
   1.7900000e+02
   1.7900000e+02
   1.7900000e+02
   1.7900000e+02
   1.7900000e+02
   1.7900000e+02
   1.7900000e+02
   1.7900000e+02
   1.7900000e+02
   1.7900000e+02
   1.7900000e+02
   1.7900000e+02
   1.7900000e+02
   1.7900000e+02
   1.7900000e+02
   1.7900000e+02
   1.7900000e+02
   1.7900000e+02
   1.7900000e+02
   1.7900000e+02
   1.7900000e+02
   1.7900000e+02
   1.7900000e+02
   1.7900000e+02
   1.7900000e+02
   1.7900000e+02
   1.7900000e+02
   1.7900000e+02
   1.7900000e+02
   1.7900000e+02
   1.7900000e+02
   1.7900000e+02
   1.7900000e+02
