   3.2173000e+08
   3.2173000e+08
   3.2173000e+08
   3.2173000e+08
   3.2173000e+08
   3.2173000e+08
   3.2173000e+08
   3.2173000e+08
   3.2173000e+08
   3.2173000e+08
   3.2173000e+08
   3.2173000e+08
   3.2173000e+08
   3.2173000e+08
   3.2173000e+08
   3.2173000e+08
   3.2173000e+08
   3.2173000e+08
   3.2173000e+08
   3.2173000e+08
   3.2173000e+08
   3.2173000e+08
   3.2173000e+08
   3.2173000e+08
   3.2173000e+08
   3.2173000e+08
   3.2173000e+08
   3.2173000e+08
   3.2173000e+08
   3.2173000e+08
   3.2173000e+08
   3.2173000e+08
   3.2173000e+08
   3.2173000e+08
   3.2173000e+08
   3.2173000e+08
   3.2173000e+08
   3.2173000e+08
   3.2173000e+08
   3.2173000e+08
   3.2173000e+08
   3.2173000e+08
   3.2173000e+08
   3.2173000e+08
   3.2173000e+08
   3.2173000e+08
   3.2173000e+08
   3.2173000e+08
   3.2173000e+08
   3.2173000e+08
   3.2173000e+08
   3.2173000e+08
   3.2173000e+08
   3.2173000e+08
   3.2173000e+08
   3.2173000e+08
   3.2173000e+08
   3.2173000e+08
   3.2173000e+08
   3.2192665e+08
   3.1414708e+08
   3.0636805e+08
   2.9859150e+08
   2.9082675e+08
   2.8306200e+08
   2.7530390e+08
   2.6755700e+08
   2.5981010e+08
   2.5207544e+08
   2.4434996e+08
   2.3662448e+08
   2.2891000e+08
   2.2119880e+08
   2.1348760e+08
   2.1325000e+08
   2.1325000e+08
   2.1325000e+08
   2.1325000e+08
   2.1325000e+08
   2.1325000e+08
   2.1325000e+08
   2.1325000e+08
   2.1325000e+08
   2.1325000e+08
   2.1325000e+08
   2.1325000e+08
   2.1325000e+08
   2.1325000e+08
   2.1325000e+08
   2.1325000e+08
   2.1325000e+08
   2.1325000e+08
   2.1325000e+08
   2.1325000e+08
   2.1325000e+08
   2.1325000e+08
   2.1325000e+08
   2.1325000e+08
   2.1325000e+08
   2.1325000e+08
   2.1325000e+08
   2.1325000e+08
   2.1325000e+08
   2.1325000e+08
   2.1325000e+08
   2.1325000e+08
   2.1325000e+08
   2.1325000e+08
   2.1325000e+08
   2.1325000e+08
   2.1325000e+08
   2.1325000e+08
   2.1325000e+08
   2.1325000e+08
   2.1325000e+08
   2.1325000e+08
   2.1325000e+08
   2.1325000e+08
   2.1325000e+08
   2.1325000e+08
   2.1325000e+08
   2.1325000e+08
   2.1325000e+08
   2.1325000e+08
   2.1325000e+08
   2.1325000e+08
   2.1325000e+08
   2.1325000e+08
   2.1325000e+08
   2.1325000e+08
   2.1325000e+08
   2.1325000e+08
   2.1325000e+08
   2.1325000e+08
   2.1325000e+08
   2.1325000e+08
   2.1325000e+08
   2.1325000e+08
   2.1325000e+08
   2.1325000e+08
   2.1325000e+08
   2.1325000e+08
   2.1325000e+08
   2.1325000e+08
   2.1325000e+08
   2.1325000e+08
   2.1325000e+08
   2.1325000e+08
   2.1325000e+08
   2.1325000e+08
   2.1325000e+08
   2.1325000e+08
   2.1325000e+08
   2.1325000e+08
   2.1325000e+08
   2.1325000e+08
   2.1325000e+08
   2.1325000e+08
   2.1325000e+08
   2.1325000e+08
   2.1325000e+08
   2.1325000e+08
   2.1325000e+08
   2.1325000e+08
   2.1325000e+08
   2.1325000e+08
   2.1325000e+08
   2.1325000e+08
   2.1325000e+08
   2.1325000e+08
   2.1325000e+08
   2.1325000e+08
   2.1325000e+08
   2.1325000e+08
   2.1325000e+08
   2.1325000e+08
   2.1325000e+08
   2.1325000e+08
   2.1325000e+08
   2.1325000e+08
   2.1325000e+08
   2.1325000e+08
   2.1325000e+08
   2.1325000e+08
   2.1325000e+08
   2.1325000e+08
   2.1325000e+08
   2.1325000e+08
   2.1325000e+08
   2.1325000e+08
   2.1325000e+08
   2.1325000e+08
   2.1325000e+08
   2.1325000e+08
   2.1325000e+08
   2.1325000e+08
   2.1325000e+08
   2.1325000e+08
   2.1325000e+08
   2.1325000e+08
   2.1325000e+08
   2.1325000e+08
   2.1325000e+08
   2.1325000e+08
   2.1325000e+08
   2.1325000e+08
   2.1325000e+08
   2.1325000e+08
   2.1325000e+08
   2.1325000e+08
   2.1325000e+08
   2.1325000e+08
   2.1325000e+08
   2.1325000e+08
   2.1325000e+08
   2.1325000e+08
   2.1325000e+08
   2.1325000e+08
   2.1325000e+08
   2.1325000e+08
   2.1325000e+08
   2.1325000e+08
   2.1325000e+08
   2.1325000e+08
   2.1325000e+08
   2.1325000e+08
   2.1325000e+08
   2.1325000e+08
   2.1325000e+08
   2.1325000e+08
   2.1325000e+08
   2.1325000e+08
   2.1325000e+08
   2.1325000e+08
   2.1325000e+08
   2.1325000e+08
   2.1325000e+08
   2.1325000e+08
   2.1325000e+08
   2.1325000e+08
   2.1325000e+08
   2.1325000e+08
   2.1325000e+08
   2.1325000e+08
   2.1325000e+08
   2.1325000e+08
   2.1325000e+08
   2.1325000e+08
   2.1325000e+08
   2.1325000e+08
   2.1325000e+08
   2.1325000e+08
   2.1325000e+08
   2.1325000e+08
   2.1325000e+08
   2.1325000e+08
   2.1325000e+08
   2.1325000e+08
   2.1325000e+08
   2.1325000e+08
   2.1325000e+08
   2.1325000e+08
   2.1325000e+08
   2.1325000e+08
   2.1325000e+08
   2.1325000e+08
   2.1325000e+08
   2.1325000e+08
   2.1325000e+08
   2.1325000e+08
   2.1325000e+08
   2.1325000e+08
   2.1325000e+08
   2.1325000e+08
   2.1325000e+08
   2.1325000e+08
   2.1325000e+08
   2.1325000e+08
   2.1325000e+08
   2.1325000e+08
   2.1325000e+08
   2.1325000e+08
   2.1325000e+08
   2.1325000e+08
   2.1325000e+08
   2.1325000e+08
   2.1325000e+08
   2.1325000e+08
   2.1325000e+08
   2.1325000e+08
   2.1325000e+08
   2.1325000e+08
   2.1325000e+08
   2.1325000e+08
   2.1325000e+08
   2.1325000e+08
   2.1325000e+08
   2.1325000e+08
   2.1325000e+08
   2.1325000e+08
   2.1325000e+08
   2.1325000e+08
   2.1325000e+08
   2.1325000e+08
   2.1325000e+08
   3.2173000e+08
   3.2173000e+08
   3.2173000e+08
   3.2173000e+08
   3.2173000e+08
   3.2173000e+08
   3.2173000e+08
   3.2173000e+08
   3.2173000e+08
   3.2173000e+08
   3.2173000e+08
   3.2173000e+08
   3.2173000e+08
   3.2173000e+08
   3.2173000e+08
   3.2173000e+08
   3.2173000e+08
   3.2173000e+08
   3.2173000e+08
   3.2173000e+08
   3.2173000e+08
   3.2173000e+08
   3.2173000e+08
   3.2173000e+08
   3.2173000e+08
   3.2173000e+08
   3.2173000e+08
   3.2173000e+08
   3.2173000e+08
   3.2173000e+08
   3.2173000e+08
   3.2173000e+08
   3.2173000e+08
   3.2173000e+08
   3.2173000e+08
   3.2173000e+08
   3.2173000e+08
   3.2173000e+08
   3.2173000e+08
   3.2173000e+08
   3.2173000e+08
   3.2173000e+08
   3.2173000e+08
   3.2173000e+08
   3.2173000e+08
   3.2173000e+08
   3.2173000e+08
   3.2173000e+08
   3.2173000e+08
   3.2173000e+08
   3.2173000e+08
   3.2173000e+08
   3.2173000e+08
   3.2173000e+08
   3.2173000e+08
   3.2173000e+08
   3.2173000e+08
   3.2173000e+08
   3.2173000e+08
   3.2173000e+08
