   4.5000000e+01
   4.5000000e+01
   4.5000000e+01
   4.5000000e+01
   4.5000000e+01
   4.5000000e+01
   4.5000000e+01
   4.5000000e+01
   4.5000000e+01
   4.5000000e+01
   4.5000000e+01
   4.5000000e+01
   4.5000000e+01
   4.5000000e+01
   4.5000000e+01
   4.5000000e+01
   4.5000000e+01
   4.5000000e+01
   4.5000000e+01
   4.5000000e+01
   4.5000000e+01
   4.5000000e+01
   4.5000000e+01
   4.5000000e+01
   4.5000000e+01
   4.5000000e+01
   4.5000000e+01
   4.5000000e+01
   4.5000000e+01
   4.5000000e+01
   4.5000000e+01
   4.5000000e+01
   4.5000000e+01
   4.5000000e+01
   4.5000000e+01
   4.5000000e+01
   4.5000000e+01
   4.5000000e+01
   4.5000000e+01
   4.5000000e+01
   4.5000000e+01
   4.5000000e+01
   4.5000000e+01
   4.5000000e+01
   4.5000000e+01
   4.5000000e+01
   4.5000000e+01
   4.5000000e+01
   4.5000000e+01
   4.5000000e+01
   4.5000000e+01
   4.5000000e+01
   4.5000000e+01
   4.5000000e+01
   4.5000000e+01
   4.5000000e+01
   4.5000000e+01
   4.5000000e+01
   4.5000000e+01
   4.5000000e+01
   4.5000000e+01
   4.5000000e+01
   4.5000000e+01
   4.5000000e+01
   4.5000000e+01
   4.5000000e+01
   0.0000000e+00
   0.0000000e+00
   0.0000000e+00
   0.0000000e+00
   0.0000000e+00
   0.0000000e+00
   0.0000000e+00
   0.0000000e+00
   0.0000000e+00
   0.0000000e+00
   0.0000000e+00
   0.0000000e+00
   0.0000000e+00
   0.0000000e+00
   0.0000000e+00
   0.0000000e+00
   0.0000000e+00
   0.0000000e+00
   8.1250000e+00
   1.6250000e+01
   2.4375000e+01
   3.2500000e+01
   4.0625000e+01
   4.5000000e+01
   4.5000000e+01
   4.5000000e+01
   4.5000000e+01
   4.5000000e+01
   4.5000000e+01
   4.5000000e+01
   4.5000000e+01
   4.5000000e+01
   4.5000000e+01
   4.5000000e+01
   4.5000000e+01
   4.5000000e+01
   4.5000000e+01
   4.5000000e+01
   4.5000000e+01
   4.5000000e+01
   4.5000000e+01
   4.5000000e+01
   4.5000000e+01
   4.5000000e+01
   4.5000000e+01
   4.5000000e+01
   4.5000000e+01
   4.5000000e+01
   4.5000000e+01
   4.5000000e+01
   4.5000000e+01
   4.5000000e+01
   4.5000000e+01
   4.5000000e+01
   4.5000000e+01
   4.5000000e+01
   4.5000000e+01
   4.5000000e+01
   4.5000000e+01
   4.5000000e+01
   4.5000000e+01
   4.5000000e+01
   4.5000000e+01
   4.5000000e+01
   4.5000000e+01
   4.5000000e+01
   4.5000000e+01
   4.5000000e+01
   4.5000000e+01
   4.5000000e+01
   4.5000000e+01
   4.5000000e+01
   4.5000000e+01
   4.5000000e+01
   4.5000000e+01
   4.5000000e+01
   4.5000000e+01
   4.5000000e+01
   4.5000000e+01
   4.5000000e+01
   4.5000000e+01
   4.5000000e+01
   4.5000000e+01
   4.5000000e+01
   4.5000000e+01
   4.5000000e+01
   4.5000000e+01
   4.5000000e+01
   4.5000000e+01
   4.5000000e+01
   4.5000000e+01
   4.5000000e+01
   4.5000000e+01
   4.5000000e+01
   4.5000000e+01
   4.5000000e+01
   4.5000000e+01
   4.5000000e+01
   4.5000000e+01
   4.5000000e+01
   4.5000000e+01
   4.5000000e+01
   4.5000000e+01
   4.5000000e+01
   4.5000000e+01
   4.5000000e+01
   4.5000000e+01
   4.5000000e+01
   4.5000000e+01
   4.5000000e+01
   4.5000000e+01
   4.5000000e+01
   4.5000000e+01
   4.5000000e+01
   4.5000000e+01
   4.5000000e+01
   4.5000000e+01
   4.5000000e+01
   4.5000000e+01
   4.5000000e+01
   4.5000000e+01
   4.5000000e+01
   4.5000000e+01
   4.5000000e+01
   4.5000000e+01
   4.5000000e+01
   4.5000000e+01
   4.5000000e+01
   4.5000000e+01
   4.5000000e+01
   4.5000000e+01
   4.5000000e+01
   4.5000000e+01
   4.5000000e+01
   4.5000000e+01
   4.5000000e+01
   4.5000000e+01
   4.5000000e+01
   4.5000000e+01
   4.5000000e+01
   4.5000000e+01
   4.5000000e+01
   4.5000000e+01
   4.5000000e+01
   4.5000000e+01
   4.5000000e+01
   4.5000000e+01
   4.5000000e+01
   4.5000000e+01
   4.5000000e+01
   4.5000000e+01
   4.5000000e+01
   4.5000000e+01
   4.5000000e+01
   4.5000000e+01
   4.5000000e+01
   4.5000000e+01
   4.5000000e+01
   4.5000000e+01
   4.5000000e+01
   4.5000000e+01
   4.5000000e+01
   4.5000000e+01
   4.5000000e+01
   4.5000000e+01
   4.5000000e+01
   4.5000000e+01
   4.5000000e+01
   4.5000000e+01
   4.5000000e+01
   4.5000000e+01
   4.5000000e+01
   4.5000000e+01
   4.5000000e+01
   4.5000000e+01
   4.4571430e+01
   4.2714290e+01
   4.0857140e+01
   3.9000000e+01
   3.7142860e+01
   3.5285710e+01
   3.3428570e+01
   3.1571430e+01
   2.9714290e+01
   2.7857140e+01
   2.6000000e+01
   2.4142860e+01
   2.2285710e+01
   2.0428570e+01
   1.8571430e+01
   1.6714290e+01
   1.4857140e+01
   1.3000000e+01
   1.1142860e+01
   9.2857140e+00
   7.4285710e+00
   5.5714290e+00
   3.7142860e+00
   1.8571430e+00
   0.0000000e+00
   0.0000000e+00
   0.0000000e+00
   0.0000000e+00
   0.0000000e+00
   0.0000000e+00
   0.0000000e+00
   0.0000000e+00
   0.0000000e+00
   0.0000000e+00
   0.0000000e+00
   0.0000000e+00
   0.0000000e+00
   0.0000000e+00
   0.0000000e+00
   0.0000000e+00
   0.0000000e+00
   0.0000000e+00
   0.0000000e+00
   0.0000000e+00
   0.0000000e+00
   0.0000000e+00
   0.0000000e+00
   0.0000000e+00
   0.0000000e+00
   0.0000000e+00
   0.0000000e+00
   0.0000000e+00
   0.0000000e+00
   0.0000000e+00
   0.0000000e+00
   0.0000000e+00
   0.0000000e+00
   0.0000000e+00
   0.0000000e+00
   0.0000000e+00
   0.0000000e+00
   0.0000000e+00
   0.0000000e+00
   0.0000000e+00
   0.0000000e+00
   0.0000000e+00
   0.0000000e+00
   0.0000000e+00
   0.0000000e+00
   0.0000000e+00
   0.0000000e+00
   0.0000000e+00
   0.0000000e+00
   0.0000000e+00
   0.0000000e+00
   0.0000000e+00
   0.0000000e+00
   4.5000000e+01
   4.5000000e+01
   4.5000000e+01
   4.5000000e+01
   4.5000000e+01
   4.5000000e+01
   4.5000000e+01
   4.5000000e+01
   4.5000000e+01
   4.5000000e+01
   4.5000000e+01
   4.5000000e+01
   4.5000000e+01
   4.5000000e+01
   4.5000000e+01
   4.5000000e+01
   4.5000000e+01
   4.5000000e+01
   4.5000000e+01
   4.5000000e+01
   4.5000000e+01
   4.5000000e+01
   4.5000000e+01
   4.5000000e+01
   4.5000000e+01
   4.5000000e+01
   4.5000000e+01
   4.5000000e+01
   4.5000000e+01
   4.5000000e+01
   4.5000000e+01
   4.5000000e+01
   4.5000000e+01
   4.5000000e+01
   4.5000000e+01
   4.5000000e+01
   4.5000000e+01
   4.5000000e+01
   4.5000000e+01
   4.5000000e+01
   4.5000000e+01
   4.5000000e+01
   4.5000000e+01
   4.5000000e+01
   4.5000000e+01
   4.5000000e+01
   4.5000000e+01
